   2.2560000e+01   4.3948122e+01
   2.2590000e+01   4.6680036e+01
   2.2560000e+01   4.3948122e+01
   2.3940000e+01   6.1782276e+01
   2.2590000e+01   4.6680036e+01
   2.2560000e+01   4.3948122e+01
   2.4820000e+01   6.3025141e+01
   2.3940000e+01   6.1782276e+01
   2.2590000e+01   4.6680036e+01
   2.4670000e+01   6.3640038e+01
   2.4820000e+01   6.3025141e+01
   2.3940000e+01   6.1782276e+01
   2.4420000e+01   6.6653070e+01
   2.4670000e+01   6.3640038e+01
   2.4820000e+01   6.3025141e+01
   2.4480000e+01   6.6633464e+01
   2.4420000e+01   6.6653070e+01
   2.2560000e+01   4.3948122e+01
   2.4670000e+01   6.3640038e+01
   2.2590000e+01   4.6680036e+01
   2.6210000e+01   7.5245488e+01
   2.4480000e+01   6.6633464e+01
   2.3940000e+01   6.1782276e+01
   2.4420000e+01   6.6653070e+01
   2.6610000e+01   7.5265523e+01
   2.6210000e+01   7.5245488e+01
   2.4820000e+01   6.3025141e+01
   2.4480000e+01   6.6633464e+01
   2.5950000e+01   7.1563948e+01
   2.6610000e+01   7.5265523e+01
   2.4670000e+01   6.3640038e+01
   2.6210000e+01   7.5245488e+01
   2.5600000e+01   7.0636304e+01
   2.5950000e+01   7.1563948e+01
   2.4420000e+01   6.6653070e+01
   2.6610000e+01   7.5265523e+01
   2.5610000e+01   7.6238083e+01
   2.5600000e+01   7.0636304e+01
   2.6120000e+01   8.2346938e+01
   2.5610000e+01   7.6238083e+01
   2.4480000e+01   6.6633464e+01
   2.5950000e+01   7.1563948e+01
   2.6210000e+01   7.5245488e+01
   2.6640000e+01   8.7021038e+01
   2.6120000e+01   8.2346938e+01
   2.5600000e+01   7.0636304e+01
   2.5610000e+01   7.6238083e+01
   2.6610000e+01   7.5265523e+01
   2.6480000e+01   8.5887459e+01
   2.6640000e+01   8.7021038e+01
   2.6120000e+01   8.2346938e+01
   2.6060000e+01   7.7028112e+01
   2.6480000e+01   8.5887459e+01
   2.5950000e+01   7.1563948e+01
   2.6240000e+01   7.5398066e+01
   2.6060000e+01   7.7028112e+01
   2.6640000e+01   8.7021038e+01
   2.5610000e+01   7.6238083e+01
   2.6010000e+01   6.6386569e+01
   2.5600000e+01   7.0636304e+01
   2.6480000e+01   8.5887459e+01
   2.6240000e+01   7.5398066e+01
   2.6120000e+01   8.2346938e+01
   2.6060000e+01   7.7028112e+01
   2.5850000e+01   5.9965821e+01
   2.6010000e+01   6.6386569e+01
   2.5730000e+01   5.7089580e+01
   2.5850000e+01   5.9965821e+01
   2.6240000e+01   7.5398066e+01
   2.6010000e+01   6.6386569e+01
   2.5600000e+01   5.5380966e+01
   2.5730000e+01   5.7089580e+01
   2.6640000e+01   8.7021038e+01
   2.5850000e+01   5.9965821e+01
   2.6060000e+01   7.7028112e+01
   2.5460000e+01   5.4418544e+01
   2.6480000e+01   8.5887459e+01
   2.5600000e+01   5.5380966e+01
   2.5730000e+01   5.7089580e+01
   2.5370000e+01   5.4877041e+01
   2.5460000e+01   5.4418544e+01
   2.6010000e+01   6.6386569e+01
   2.6240000e+01   7.5398066e+01
   2.5260000e+01   5.5269019e+01
   2.5370000e+01   5.4877041e+01
   2.5600000e+01   5.5380966e+01
   2.5850000e+01   5.9965821e+01
   2.5140000e+01   5.3743774e+01
   2.5460000e+01   5.4418544e+01
   2.5260000e+01   5.5269019e+01
   2.5010000e+01   4.9797367e+01
   2.5730000e+01   5.7089580e+01
   2.5140000e+01   5.3743774e+01
   2.5370000e+01   5.4877041e+01
   2.5280000e+01   5.9536747e+01
   2.5010000e+01   4.9797367e+01
   2.5260000e+01   5.5269019e+01
   2.5580000e+01   7.0453906e+01
   2.5280000e+01   5.9536747e+01
   2.5140000e+01   5.3743774e+01
   2.5600000e+01   5.5380966e+01
   2.5010000e+01   4.9797367e+01
   2.5450000e+01   6.3220716e+01
   2.5460000e+01   5.4418544e+01
   2.5580000e+01   7.0453906e+01
   2.5280000e+01   5.9536747e+01
   2.5450000e+01   5.6673371e+01
   2.5370000e+01   5.4877041e+01
   2.5450000e+01   6.3220716e+01
   2.5420000e+01   5.2583418e+01
   2.5450000e+01   5.6673371e+01
   2.5580000e+01   7.0453906e+01
   2.5260000e+01   5.5269019e+01
   2.5010000e+01   4.9797367e+01
   2.5140000e+01   5.3743774e+01
   2.5380000e+01   5.1627533e+01
   2.5450000e+01   6.3220716e+01
   2.5420000e+01   5.2583418e+01
   2.5280000e+01   5.9536747e+01
   2.5450000e+01   5.6673371e+01
   2.5340000e+01   5.1812400e+01
   2.5380000e+01   5.1627533e+01
   2.5420000e+01   5.2583418e+01
   2.5230000e+01   4.8803949e+01
   2.5340000e+01   5.1812400e+01
   2.5380000e+01   5.1627533e+01
   2.5160000e+01   4.9561805e+01
   2.5580000e+01   7.0453906e+01
   2.5230000e+01   4.8803949e+01
   2.5450000e+01   6.3220716e+01
   2.5450000e+01   5.6673371e+01
   2.5080000e+01   4.9040456e+01
   2.5160000e+01   4.9561805e+01
   2.5340000e+01   5.1812400e+01
   2.5420000e+01   5.2583418e+01
   2.5000000e+01   4.8838365e+01
   2.5080000e+01   4.9040456e+01
   2.5230000e+01   4.8803949e+01
   2.5160000e+01   4.9561805e+01
   2.4940000e+01   4.8894577e+01
   2.5000000e+01   4.8838365e+01
   2.5380000e+01   5.1627533e+01
   2.4850000e+01   4.6123272e+01
   2.5080000e+01   4.9040456e+01
   2.4940000e+01   4.8894577e+01
   2.5000000e+01   4.8838365e+01
   2.4770000e+01   4.5274712e+01
   2.4850000e+01   4.6123272e+01
   2.5340000e+01   5.1812400e+01
   2.5160000e+01   4.9561805e+01
   2.4720000e+01   4.7265162e+01
   2.4940000e+01   4.8894577e+01
   2.4770000e+01   4.5274712e+01
   2.5230000e+01   4.8803949e+01
   2.4580000e+01   4.5122778e+01
   2.4850000e+01   4.6123272e+01
   2.4720000e+01   4.7265162e+01
   2.5000000e+01   4.8838365e+01
   2.5080000e+01   4.9040456e+01
   2.4770000e+01   4.5274712e+01
   2.4420000e+01   4.3452814e+01
   2.4580000e+01   4.5122778e+01
   2.4720000e+01   4.7265162e+01
   2.4310000e+01   4.2758133e+01
   2.4420000e+01   4.3452814e+01
   2.4940000e+01   4.8894577e+01
   2.4220000e+01   4.3170159e+01
   2.4580000e+01   4.5122778e+01
   2.4310000e+01   4.2758133e+01
   2.4850000e+01   4.6123272e+01
   2.4420000e+01   4.3452814e+01
   2.4160000e+01   4.5137142e+01
   2.4770000e+01   4.5274712e+01
   2.4220000e+01   4.3170159e+01
   2.4720000e+01   4.7265162e+01
   2.4310000e+01   4.2758133e+01
   2.4100000e+01   4.6835070e+01
   2.4160000e+01   4.5137142e+01
   2.4050000e+01   4.7181600e+01
   2.4220000e+01   4.3170159e+01
   2.4100000e+01   4.6835070e+01
   2.4420000e+01   4.3452814e+01
   2.4580000e+01   4.5122778e+01
   2.4160000e+01   4.5137142e+01
   2.3980000e+01   4.6788130e+01
   2.4050000e+01   4.7181600e+01
   2.4310000e+01   4.2758133e+01
   2.3950000e+01   4.6784417e+01
   2.4100000e+01   4.6835070e+01
   2.3980000e+01   4.6788130e+01
   2.4050000e+01   4.7181600e+01
   2.3910000e+01   4.6522763e+01
   2.3950000e+01   4.6784417e+01
   2.4160000e+01   4.5137142e+01
   2.4220000e+01   4.3170159e+01
   2.3860000e+01   4.6901538e+01
   2.3980000e+01   4.6788130e+01
   2.3910000e+01   4.6522763e+01
   2.3950000e+01   4.6784417e+01
   2.3840000e+01   4.6706658e+01
   2.3860000e+01   4.6901538e+01
   2.4100000e+01   4.6835070e+01
   2.4050000e+01   4.7181600e+01
   2.3780000e+01   4.6249933e+01
   2.3840000e+01   4.6706658e+01
   2.3910000e+01   4.6522763e+01
   2.3740000e+01   4.5730822e+01
   2.3780000e+01   4.6249933e+01
   2.3860000e+01   4.6901538e+01
   2.3950000e+01   4.6784417e+01
   2.3700000e+01   4.5532954e+01
   2.3980000e+01   4.6788130e+01
   2.3840000e+01   4.6706658e+01
   2.3740000e+01   4.5730822e+01
   2.3780000e+01   4.6249933e+01
   2.3660000e+01   4.5978283e+01
   2.3700000e+01   4.5532954e+01
   2.3590000e+01   4.5390966e+01
   2.3660000e+01   4.5978283e+01
   2.3910000e+01   4.6522763e+01
   2.3740000e+01   4.5730822e+01
   2.3570000e+01   4.5066578e+01
   2.3700000e+01   4.5532954e+01
   2.3590000e+01   4.5390966e+01
   2.3860000e+01   4.6901538e+01
   2.3550000e+01   4.4935311e+01
   2.3840000e+01   4.6706658e+01
   2.3660000e+01   4.5978283e+01
   2.3780000e+01   4.6249933e+01
   2.3570000e+01   4.5066578e+01
