   3.9215686e-02  -1.6346154e-01   7.3529412e-01
   3.9215686e-02   1.1538462e-01   9.5098039e-01
  -6.4705882e-01  -3.2692308e-01   6.7647059e-01
   5.7843137e-01   3.8461538e-01   7.3529412e-01
   1.1078431e+00  -3.8461538e-02  -4.9019608e-02
  -4.9019608e-02  -9.9038462e-01  -1.3725490e-01
  -5.2941176e-01   7.9807692e-01   4.3137255e-01
   1.0098039e+00  -6.7307692e-02   4.5098039e-01
  -5.7843137e-01  -6.7307692e-01   2.8431373e-01
   5.0980392e-01   1.0576923e-01   8.2352941e-01
  -2.7450980e-01  -9.3269231e-01  -7.8431373e-02
  -2.8431373e-01   9.6153846e-03   9.3137255e-01
   6.3725490e-01  -5.9615385e-01  -6.8627451e-01
   3.8235294e-01  -2.8846154e-01  -5.8823529e-01
  -4.2156863e-01  -9.5192308e-01  -2.9411765e-02
  -9.8039216e-02  -8.8461538e-01  -2.7450980e-01
   0.0000000e+00  -3.0769231e-01   8.7254902e-01
   7.8431373e-01   3.6538462e-01   4.9019608e-01
  -4.9019608e-02  -1.4423077e-01  -8.7254902e-01
   4.9019608e-01  -8.2692308e-01   9.1176471e-01
   2.5490196e-01  -4.2307692e-01  -8.3333333e-01
   7.6470588e-01   8.6538462e-02  -7.1568627e-01
  -1.2745098e-01  -7.9807692e-01  -6.0784314e-01
  -2.2549020e-01   1.6346154e-01  -1.0000000e+00
   2.7450980e-01   2.3076923e-01   1.2745098e-01
   1.4705882e-01  -6.4423077e-01  -6.6666667e-01
  -5.7843137e-01   1.1538462e-01  -1.0490196e+00
   6.3725490e-01  -8.4615385e-01   3.9215686e-01
   6.7647059e-01  -6.4423077e-01  -2.6470588e-01
   5.0000000e-01  -1.2211538e+00   6.6666667e-01
   1.9607843e-02  -1.0384615e+00  -3.9215686e-02
   7.9411765e-01  -4.5192308e-01   7.4509804e-01
   6.8627451e-01  -1.6346154e-01  -8.5294118e-01
  -1.8627451e-01  -4.8076923e-01   8.5294118e-01
  -3.2352941e-01  -7.4038462e-01   5.1960784e-01
  -7.0588235e-01  -7.2115385e-01   2.5490196e-01
   3.9215686e-01  -8.0769231e-01   3.5294118e-01
   5.2941176e-01  -4.1346154e-01  -4.6078431e-01
   4.6078431e-01   4.8076923e-02  -7.6470588e-01
   7.3529412e-01  -4.2307692e-01  -5.4901961e-01
  -4.1176471e-01  -7.5961538e-01  -3.1372549e-01
   1.7647059e-01  -9.1346154e-01   1.6666667e-01
   5.4901961e-01  -7.5961538e-01   1.5686275e-01
  -4.6078431e-01  -1.5673077e+00   6.9607843e-01
   1.3333333e+00   7.7884615e-01  -7.7450980e-01
  -2.7450980e-01   5.5769231e-01  -7.2549020e-01
   1.0784314e-01  -4.4230769e-01   9.6078431e-01
   6.8627451e-01  -9.8076923e-01  -3.9215686e-02
   4.6078431e-01  -7.9807692e-01  -7.3529412e-01
  -3.0392157e-01  -4.5192308e-01  -2.8431373e-01
  -2.9411765e-01   2.8846154e-02  -9.6078431e-01
   1.1470588e+00  -4.9038462e-01  -4.7058824e-01
  -1.3725490e-01  -6.1538462e-01  -4.8039216e-01
  -1.7647059e-01  -5.7692308e-02  -7.1568627e-01
   4.9019608e-01  -6.4423077e-01   1.0588235e+00
  -8.2352941e-01  -3.2692308e-01   3.9215686e-01
   1.1568627e+00   2.1153846e-01   3.5294118e-01
   8.3333333e-01  -3.8461538e-02   4.2156863e-01
   9.7058824e-01   4.8076923e-02   1.7647059e-01
   6.8627451e-01  -3.0769231e-01   8.2352941e-01
   3.9215686e-02  -1.6346154e-01   7.3529412e-01
   3.9215686e-02   1.1538462e-01   9.5098039e-01
  -6.4705882e-01  -3.2692308e-01   6.7647059e-01
   5.7843137e-01   3.8461538e-01   7.3529412e-01
   1.1078431e+00  -3.8461538e-02  -4.9019608e-02
  -4.9019608e-02  -9.9038462e-01  -1.3725490e-01
  -5.2941176e-01   7.9807692e-01   4.3137255e-01
   1.0098039e+00  -6.7307692e-02   4.5098039e-01
  -5.7843137e-01  -6.7307692e-01   2.8431373e-01
   5.0980392e-01   1.0576923e-01   8.2352941e-01
  -2.7450980e-01  -9.3269231e-01  -7.8431373e-02
  -2.8431373e-01   9.6153846e-03   9.3137255e-01
   6.3725490e-01  -5.9615385e-01  -6.8627451e-01
   3.8235294e-01  -2.8846154e-01  -5.8823529e-01
  -4.2156863e-01  -9.5192308e-01  -2.9411765e-02
  -9.8039216e-02  -8.8461538e-01  -2.7450980e-01
   0.0000000e+00  -3.0769231e-01   8.7254902e-01
   7.8431373e-01   3.6538462e-01   4.9019608e-01
  -4.9019608e-02  -1.4423077e-01  -8.7254902e-01
   4.9019608e-01  -8.2692308e-01   9.1176471e-01
   2.5490196e-01  -4.2307692e-01  -8.3333333e-01
   7.6470588e-01   8.6538462e-02  -7.1568627e-01
  -1.2745098e-01  -7.9807692e-01  -6.0784314e-01
  -2.2549020e-01   1.6346154e-01  -1.0000000e+00
   2.7450980e-01   2.3076923e-01   1.2745098e-01
   1.4705882e-01  -6.4423077e-01  -6.6666667e-01
  -5.7843137e-01   1.1538462e-01  -1.0490196e+00
   6.3725490e-01  -8.4615385e-01   3.9215686e-01
   6.7647059e-01  -6.4423077e-01  -2.6470588e-01
   5.0000000e-01  -1.2211538e+00   6.6666667e-01
   1.9607843e-02  -1.0384615e+00  -3.9215686e-02
   7.9411765e-01  -4.5192308e-01   7.4509804e-01
   6.8627451e-01  -1.6346154e-01  -8.5294118e-01
  -1.8627451e-01  -4.8076923e-01   8.5294118e-01
  -3.2352941e-01  -7.4038462e-01   5.1960784e-01
  -7.0588235e-01  -7.2115385e-01   2.5490196e-01
   3.9215686e-01  -8.0769231e-01   3.5294118e-01
   5.2941176e-01  -4.1346154e-01  -4.6078431e-01
   4.6078431e-01   4.8076923e-02  -7.6470588e-01
   7.3529412e-01  -4.2307692e-01  -5.4901961e-01
  -4.1176471e-01  -7.5961538e-01  -3.1372549e-01
   1.7647059e-01  -9.1346154e-01   1.6666667e-01
   5.4901961e-01  -7.5961538e-01   1.5686275e-01
  -4.6078431e-01  -1.5673077e+00   6.9607843e-01
   1.3333333e+00   7.7884615e-01  -7.7450980e-01
  -2.7450980e-01   5.5769231e-01  -7.2549020e-01
   1.0784314e-01  -4.4230769e-01   9.6078431e-01
   6.8627451e-01  -9.8076923e-01  -3.9215686e-02
   4.6078431e-01  -7.9807692e-01  -7.3529412e-01
  -3.0392157e-01  -4.5192308e-01  -2.8431373e-01
  -2.9411765e-01   2.8846154e-02  -9.6078431e-01
   1.1470588e+00  -4.9038462e-01  -4.7058824e-01
  -1.3725490e-01  -6.1538462e-01  -4.8039216e-01
  -1.7647059e-01  -5.7692308e-02  -7.1568627e-01
   4.9019608e-01  -6.4423077e-01   1.0588235e+00
  -8.2352941e-01  -3.2692308e-01   3.9215686e-01
   1.1568627e+00   2.1153846e-01   3.5294118e-01
   8.3333333e-01  -3.8461538e-02   4.2156863e-01
   9.7058824e-01   4.8076923e-02   1.7647059e-01
   6.8627451e-01  -1.6346154e-01  -8.5294118e-01
  -4.1176471e-01  -7.5961538e-01  -3.1372549e-01
  -2.8431373e-01   9.6153846e-03   9.3137255e-01
  -1.3725490e-01  -6.1538462e-01  -4.8039216e-01
  -4.6078431e-01  -1.5673077e+00   6.9607843e-01
  -2.7450980e-01  -9.3269231e-01  -7.8431373e-02
   5.0980392e-01   1.0576923e-01   8.2352941e-01
   2.7450980e-01   2.3076923e-01   1.2745098e-01
   1.1078431e+00  -3.8461538e-02  -4.9019608e-02
   3.9215686e-01  -8.0769231e-01   3.5294118e-01
   7.3529412e-01  -4.2307692e-01  -5.4901961e-01
   7.8431373e-01   3.6538462e-01   4.9019608e-01
   5.0000000e-01  -1.2211538e+00   6.6666667e-01
  -8.2352941e-01  -3.2692308e-01   3.9215686e-01
   5.4901961e-01  -7.5961538e-01   1.5686275e-01
   4.9019608e-01  -6.4423077e-01   1.0588235e+00
   1.1568627e+00   2.1153846e-01   3.5294118e-01
  -4.9019608e-02  -1.4423077e-01  -8.7254902e-01
  -9.8039216e-02  -8.8461538e-01  -2.7450980e-01
   3.8235294e-01  -2.8846154e-01  -5.8823529e-01
  -5.7843137e-01   1.1538462e-01  -1.0490196e+00
   7.9411765e-01  -4.5192308e-01   7.4509804e-01
   4.6078431e-01   4.8076923e-02  -7.6470588e-01
  -4.2156863e-01  -9.5192308e-01  -2.9411765e-02
  -5.2941176e-01   7.9807692e-01   4.3137255e-01
   6.3725490e-01  -5.9615385e-01  -6.8627451e-01
   1.0784314e-01  -4.4230769e-01   9.6078431e-01
   8.3333333e-01  -3.8461538e-02   4.2156863e-01
  -4.9019608e-02  -9.9038462e-01  -1.3725490e-01
   5.2941176e-01  -4.1346154e-01  -4.6078431e-01
  -1.8627451e-01  -4.8076923e-01   8.5294118e-01
  -2.7450980e-01   5.5769231e-01  -7.2549020e-01
  -5.7843137e-01  -6.7307692e-01   2.8431373e-01
   0.0000000e+00  -3.0769231e-01   8.7254902e-01
  -1.2745098e-01  -7.9807692e-01  -6.0784314e-01
  -1.7647059e-01  -5.7692308e-02  -7.1568627e-01
   7.6470588e-01   8.6538462e-02  -7.1568627e-01
   1.7647059e-01  -9.1346154e-01   1.6666667e-01
   5.7843137e-01   3.8461538e-01   7.3529412e-01
   6.8627451e-01  -9.8076923e-01  -3.9215686e-02
   6.7647059e-01  -6.4423077e-01  -2.6470588e-01
   4.6078431e-01  -7.9807692e-01  -7.3529412e-01
   3.9215686e-02  -1.6346154e-01   7.3529412e-01
   1.4705882e-01  -6.4423077e-01  -6.6666667e-01
   1.3333333e+00   7.7884615e-01  -7.7450980e-01
   2.5490196e-01  -4.2307692e-01  -8.3333333e-01
   6.3725490e-01  -8.4615385e-01   3.9215686e-01
  -6.4705882e-01  -3.2692308e-01   6.7647059e-01
   9.7058824e-01   4.8076923e-02   1.7647059e-01
   1.0098039e+00  -6.7307692e-02   4.5098039e-01
  -2.2549020e-01   1.6346154e-01  -1.0000000e+00
   1.9607843e-02  -1.0384615e+00  -3.9215686e-02
  -7.0588235e-01  -7.2115385e-01   2.5490196e-01
   4.9019608e-01  -8.2692308e-01   9.1176471e-01
   3.9215686e-02   1.1538462e-01   9.5098039e-01
  -2.9411765e-01   2.8846154e-02  -9.6078431e-01
  -3.0392157e-01  -4.5192308e-01  -2.8431373e-01
  -3.2352941e-01  -7.4038462e-01   5.1960784e-01
   1.1470588e+00  -4.9038462e-01  -4.7058824e-01
